[[[0.02240114100277424, 0.9997430443763733, -0.0034753158688545227, 0.6730524301528931], [0.9994780421257019, -0.022475864738225937, -0.0232029240578413, 0.11995996534824371], [-0.023275071755051613, -0.0029537302907556295, -0.9997246861457825, 0.03207598999142647], [0.0, 0.0, 0.0, 1.0]], [[0.007145021576434374, 0.9997430443763733, 0.02151366136968136, 0.6732122302055359], [0.18876394629478455, -0.022475864738225937, 0.9817652106285095, 0.1268935203552246], [0.981996476650238, -0.0029537302907556295, -0.18887601792812347, 0.033402182161808014], [0.0, 0.0, 0.0, 1.0]], [[0.964358925819397, -0.022438040003180504, -0.26364415884017944, 0.7489714622497559], [-0.0249165166169405, -0.9996711611747742, -0.006060467567294836, 0.17408083379268646], [-0.2634214758872986, 0.012413561344146729, -0.9646009206771851, 0.02729015052318573], [0.0, 0.0, 0.0, 1.0]], [[0.9968872666358948, -0.022438040003180504, -0.075579434633255, 0.7258291840553284], [-0.023310787975788116, -0.9996711611747742, -0.010685003362596035, 0.174676313996315], [-0.07531482726335526, 0.012413561344146729, -0.997082531452179, 0.03341405838727951], [0.0, 0.0, 0.0, 1.0]], [[-0.8923748731613159, 0.022438040003180504, 0.4507368505001068, 0.7437488436698914], [0.014428573660552502, 0.9996711611747742, -0.02119854837656021, 0.1742229461669922], [-0.4510642886161804, -0.012413561344146729, -0.8924051523208618, 0.029293617233633995], [0.0, 0.0, 0.0, 1.0]], [[-0.9980197548866272, 0.022438040003180504, -0.05876409262418747, 0.749573826789856], [0.02312735840678215, 0.9996711611747742, -0.011076437309384346, 0.1741105020046234], [0.05849623680114746, -0.012413561344146729, -0.9982104897499084, 0.03076793998479843], [0.0, 0.0, 0.0, 1.0]], [[-0.3122011423110962, 0.022438040003180504, -0.9497509598731995, 0.7864603996276855], [0.018802136182785034, 0.9996711611747742, 0.017436794936656952, 0.17328810691833496], [0.9498298764228821, -0.012413561344146729, -0.3125203549861908, 0.031213760375976562], [0.0, 0.0, 0.0, 1.0]], [[-0.12321709096431732, 0.022438040003180504, -0.9921259880065918, 0.7845149040222168], [0.015087253414094448, 0.9996711611747742, 0.020734919235110283, 0.1733986735343933], [0.992264986038208, -0.012413561344146729, -0.12351509928703308, 0.036601223051548004], [0.0, 0.0, 0.0, 1.0]], [[-0.9046877026557922, 0.022438040003180504, 0.4254840314388275, 0.7830958366394043], [0.015018533915281296, 0.9996711611747742, -0.02078474685549736, 0.1733228862285614], [-0.42581048607826233, -0.012413561344146729, -0.9047272205352783, 0.027934130281209946], [0.0, 0.0, 0.0, 1.0]], [[-0.022246146574616432, -0.9997430443763733, 0.004360848572105169, 0.6732673645019531], [-0.9476603865623474, 0.022476445883512497, 0.31848815083503723, 0.12981891632080078], [-0.31850433349609375, 0.0029525302816182375, -0.9479168057441711, 0.029788706451654434], [0.0, 0.0, 0.0, 1.0]], [[-0.01864560879766941, -0.9997430443763733, -0.012893768027424812, 0.6731493473052979], [-0.889358639717102, 0.022476445883512497, -0.456657350063324, 0.12384286522865295], [0.45682981610298157, 0.0029525302816182375, -0.8895491361618042, 0.035343386232852936], [0.0, 0.0, 0.0, 1.0]], [[0.9330363273620605, -0.022438040003180504, -0.3590817451477051, 0.7775297164916992], [-0.025398893281817436, -0.9996711611747742, -0.0035296396818012, 0.1734573394060135], [-0.3588844835758209, 0.012413561344146729, -0.9332994222640991, 0.028699874877929688], [0.0, 0.0, 0.0, 1.0]], [[0.9926722049713135, -0.022438040003180504, -0.11873666942119598, 0.7774926424026489], [-0.02375219762325287, -0.9996711611747742, -0.009664121083915234, 0.17346659302711487], [-0.11848077923059464, 0.012413561344146729, -0.9928787350654602, 0.02937871217727661], [0.0, 0.0, 0.0, 1.0]], [[0.9372338652610779, -0.022438040003180504, -0.34797874093055725, 0.7792140245437622], [-0.025355195626616478, -0.9996711611747742, -0.0038309458177536726, 0.17339640855789185], [-0.3477783501148224, 0.012413561344146729, -0.9374945759773254, 0.026838302612304688], [0.0, 0.0, 0.0, 1.0]], [[0.9515035152435303, -0.022438040003180504, 0.3068184554576874, 0.781554102897644], [-0.017542976886034012, -0.9996711611747742, -0.018703103065490723, 0.17335131764411926], [0.30713722109794617, 0.012413561344146729, -0.9515842795372009, 0.02743726223707199], [0.0, 0.0, 0.0, 1.0]], [[0.2064131796360016, -0.022438040003180504, -0.9782075881958008, 0.7827851176261902], [-0.01678147353231907, -0.9996711611747742, 0.019389282912015915, 0.17331573367118835], [-0.9783209562301636, 0.012413561344146729, -0.20672184228897095, 0.026795508340001106], [0.0, 0.0, 0.0, 1.0]], [[0.5785998702049255, -0.022438040003180504, -0.815302848815918, 0.7797905206680298], [-0.023110825568437576, -0.9996711611747742, 0.011110891588032246, 0.1734645664691925], [-0.8152840733528137, 0.012413561344146729, -0.5789281725883484, 0.03336906060576439], [0.0, 0.0, 0.0, 1.0]]]